Day fraction since midnight on 7/15/2019	Fluoride Probe (volts)	Fluoride Concentration (mg/L)	pH (volts)	Turbidity (1)	Time (sec)
start
0.66887179	0.13109858	0.586768921	0.13059756	0.33000001	20200.07203
0.66892965	0.13087815	0.592610534	0.12878475	0.33000001	20205.07114
0.66898752	0.1312255	0.583431574	0.12930368	0.31999999	20210.0711
0.66904539	0.13088769	0.592356515	0.1301536	0.33000001	20215.07107
0.66910326	0.13132311	0.580877849	0.13035588	0.34	20220.07104
0.66916111	0.13127039	0.582255747	0.13006553	0.33000001	20225.06928
0.66921899	0.13121621	0.583675208	0.12855093	0.33000001	20230.07011
0.66927686	0.13177721	0.569143622	0.12875465	0.34	20235.07008
0.66933471	0.13192257	0.565437743	0.1302267	0.34	20240.06832
0.66939259	0.13161293	0.5733611	0.13107572	0.34	20245.06915
0.66945045	0.13157345	0.574379299	0.12909651	0.34	20250.06826
0.66950833	0.13217348	0.559097607	0.13059302	0.34	20255.06909
0.66956619	0.13208751	0.561261899	0.13066502	0.34999999	20260.06819
0.66962406	0.1316089	0.573464952	0.13081764	0.34	20265.06816
0.66968192	0.13234033	0.554920951	0.12938437	0.34	20270.06726
0.66973979	0.13167651	0.571725148	0.1315657	0.33000001	20275.06723
0.66979766	0.13195385	0.564643436	0.13069342	0.33000001	20280.0672
0.66985552	0.13145114	0.577545198	0.13179319	0.31999999	20285.0663
0.66991339	0.13204831	0.562251537	0.13213964	0.31999999	20290.06627
0.66997126	0.13185568	0.567140063	0.1319021	0.31999999	20295.06624
0.67002912	0.13256577	0.549327162	0.13305748	0.31	20300.06534
0.67008699	0.13239466	0.553567686	0.13000996	0.31	20305.06531
0.67014486	0.13246217	0.551890727	0.132147	0.31	20310.06528
0.67020271	0.13242523	0.552807692	0.13109893	0.31	20315.06352
0.67026059	0.13282748	0.542904101	0.12977199	0.30000001	20320.06435
0.67031846	0.1326919	0.546222164	0.1291551	0.31	20325.06432
0.67037633	0.13268025	0.54650822	0.12882964	0.30000001	20330.06429
0.6704342	0.13281457	0.543219179	0.13163532	0.28999999	20335.06426
0.67049206	0.13290693	0.540969087	0.13126734	0.28999999	20340.06336
0.67054993	0.13250922	0.550725003	0.13399088	0.28	20345.06333
0.6706078	0.1325818	0.548931568	0.13100214	0.28999999	20350.0633
0.67066565	0.13274249	0.544981705	0.1314387	0.27000001	20355.06154
0.67072354	0.132788	0.543868214	0.13164915	0.27000001	20360.06323
0.6707814	0.13262518	0.547862447	0.13046052	0.25999999	20365.06234
0.67083927	0.13258922	0.54874855	0.13008365	0.25999999	20370.0623
0.67089714	0.13291423	0.540791641	0.13123542	0.25999999	20375.06227
0.67095498	0.13273634	0.545132352	0.13022047	0.25	20380.05965
0.67101287	0.13288461	0.541511996	0.1286495	0.25	20385.06134
0.67107072	0.13239133	0.553650535	0.1294546	0.23999999	20390.05958
0.67112861	0.13322064	0.533395789	0.12979612	0.23999999	20395.06128
0.67118646	0.1328256	0.542949973	0.12900062	0.23	20400.05952
0.67124434	0.13253084	0.550190166	0.12912151	0.23	20405.06035
0.67130221	0.13285607	0.542206993	0.13068148	0.23	20410.06032
0.67136005	0.13321483	0.53353508	0.12959443	0.23	20415.0577
0.67141793	0.13289556	0.541245582	0.12848717	0.23	20420.05853
0.67147579	0.13294676	0.54000162	0.12920748	0.22	20425.05763
0.67153366	0.13348393	0.527121576	0.13021569	0.22	20430.0576
0.67159152	0.13338317	0.529513927	0.13039872	0.20999999	20435.0567
0.67164939	0.13317002	0.534610597	0.12897864	0.20999999	20440.05667
0.67170726	0.1328048	0.543457744	0.12747152	0.20999999	20445.05664
0.67176513	0.13300067	0.538694906	0.12988816	0.2	20450.05661
0.67182299	0.13273093	0.545264906	0.1300772	0.2	20455.05571
0.67188087	0.13260913	0.548257764	0.13073938	0.20999999	20460.05654
0.67193875	0.13272262	0.545468578	0.12950717	0.2	20465.05738
0.67199659	0.13289978	0.541142944	0.13028295	0.2	20470.05475
0.67205447	0.13264672	0.547332358	0.12792785	0.2	20475.05558
0.67211234	0.13316533	0.534723291	0.13181974	0.2	20480.05555
0.6721702	0.13310589	0.536153601	0.12982114	0.2	20485.05466
0.67222806	0.13277322	0.544229586	0.12873092	0.2	20490.05376
0.67228593	0.13323799	0.532980049	0.11840563	0.20999999	20495.05373
0.6723438	0.13309073	0.536519009	0.11995091	0.2	20500.0537
0.67240167	0.13364775	0.52325504	0.11739334	0.2	20505.05366
0.67245954	0.13373485	0.521210837	0.1176907	0.2	20510.05363
0.67251741	0.13284707	0.542426343	0.12129141	0.2	20515.0536
0.67257526	0.13334192	0.530496457	0.11660149	0.2	20520.05184
floc: 0 cm		212.4207106			#VALUE!
0.67263313	0.1324898	0.55120586	0.11919527	0.2	20525.05181
0.67269101	0.13226601	0.556777491	0.11799152	0.2	20530.05264
0.67274888	0.13225414	0.557074583	0.11865316	0.22	20535.05261
0.67280674	0.13212267	0.560375736	0.11835853	0.20999999	20540.05171
0.6728646	0.13233531	0.555046157	0.11667137	0.2	20545.05082
0.67292248	0.13249256	0.551137494	0.12008607	0.2	20550.05165
0.67298033	0.1327444	0.544934927	0.11992019	0.2	20555.04989
0.67303821	0.13280563	0.543437473	0.11980935	0.2	20560.05072
0.67309608	0.13178678	0.568898894	0.11894724	0.19	20565.05069
0.67315394	0.1324752	0.551567645	0.12131567	0.20999999	20570.04979
0.6732118	0.1323604	0.554420657	0.11983525	0.2	20575.0489
0.67326968	0.13218038	0.558924262	0.11873294	0.2	20580.04973
0.67332755	0.13229853	0.555964367	0.1189816	0.20999999	20585.0497
0.67338541	0.13217048	0.559172991	0.11994196	0.2	20590.0488
0.67344329	0.13204749	0.562272257	0.11753181	0.2	20595.04963
0.67350116	0.13251552	0.5505691	0.11839813	0.2	20600.0496
0.67355903	0.13279486	0.543700568	0.12051718	0.2	20605.04957
0.67361689	0.13222125	0.557898608	0.11752959	0.19	20610.04867
0.67367478	0.13226758	0.556738208	0.11852978	0.19	20615.05037
0.67373264	0.13276367	0.544463211	0.11812992	0.19	20620.04947
0.67379052	0.13244891	0.552219706	0.1175667	0.19	20625.0503
0.67384839	0.13245463	0.55207777	0.11862073	0.19	20630.05027
0.67390626	0.13282257	0.543023912	0.12034766	0.2	20635.05024
0.67396414	0.13264965	0.547260291	0.11827939	0.2	20640.05107
0.674022	0.13245057	0.552178511	0.11779406	0.19	20645.05018
0.67407987	0.13218555	0.558794414	0.11954109	0.22	20650.05014
0.67413775	0.13232976	0.555184615	0.11503269	0.22	20655.05098
0.67419563	0.1326102	0.548231401	0.11887483	0.20999999	20660.05181
0.67425351	0.13253511	0.550084596	0.11863936	0.2	20665.05264
0.67431136	0.13253571	0.550069763	0.11748794	0.2	20670.05088
0.67436925	0.13239768	0.55349256	0.11563332	0.2	20675.05258
0.67442709	0.13278405	0.543964768	0.11663883	0.2	20680.04995
0.67448499	0.13280162	0.543535416	0.11670699	0.2	20685.05251
0.67454288	0.13230073	0.555909401	0.11647861	0.19	20690.05421
0.67460073	0.13267644	0.546601804	0.11638164	0.19	20695.05245
0.67465862	0.13280588	0.543431367	0.11811968	0.19	20700.05414
0.67471648	0.13285366	0.542265721	0.11878534	0.19	20705.05325
0.67477436	0.1323348	0.555058879	0.11913731	0.19	20710.05408
0.67483222	0.132396	0.55353435	0.11713482	0.19	20715.05318
0.6748901	0.13289464	0.54126796	0.1179921	0.19	20720.05402
0.67494799	0.13234924	0.554698792	0.11694738	0.19	20725.05571
0.67500584	0.13312134	0.535781459	0.1161841	0.19	20730.05395
0.67506373	0.13254285	0.549893286	0.1172479	0.19	20735.05565
0.67512159	0.13287041	0.541857678	0.11740536	0.19	20740.05475
0.67517947	0.13270988	0.545780974	0.11897419	0.19	20745.05558
0.67523734	0.13309945	0.536308797	0.11895645	0.19	20750.05555
0.67529522	0.13375361	0.520771593	0.11899685	0.19	20755.05638
0.67535308	0.13246702	0.551770448	0.12085408	0.19	20760.05549
0.67541093	0.13309021	0.536531547	0.11824117	0.19	20765.05373
0.67546884	0.13263676	0.547577405	0.11866553	0.19	20770.05715
0.6755267	0.13262637	0.547833148	0.11694638	0.19	20775.05626
0.67558458	0.13296321	0.539602556	0.11894855	0.19	20780.05709
0.67564244	0.13259865	0.548516044	0.11759393	0.19	20785.05619
0.67570033	0.13268593	0.546368734	0.11971664	0.19	20790.05789
0.67575819	0.13300645	0.538554994	0.11784685	0.19	20795.05699
0.67581606	0.13329846	0.5315336	0.11482342	0.19	20800.05696
0.67587391	0.13355005	0.525557562	0.11426251	0.19	20805.0552
0.67593179	0.13407908	0.513209744	0.11244483	0.19	20810.05603
0.6759897	0.13321292	0.533580879	0.11296059	0.19	20815.05946
0.67604756	0.13394755	0.516252352	0.11501741	0.19	20820.05856
0.67610543	0.13362463	0.523799002	0.11331406	0.19	20825.05853
0.6761633	0.13342281	0.528571459	0.11346014	0.19	20830.0585
0.67622117	0.13360064	0.524364032	0.11459321	0.19	20835.05846
0.67627906	0.13305719	0.537328324	0.11340807	0.19	20840.06016
0.67633692	0.13082324	0.594074729	0.11719659	0.19	20845.05926
0.6763948	0.12948643	0.630859144	0.11937735	0.19	20850.0601
0.67645267	0.12957899	0.628240389	0.11732762	0.19	20855.06006
0.67651055	0.12924765	0.637665345	0.11987998	0.19	20860.0609
0.67656841	0.12985811	0.620409016	0.28278288	0.19	20865.06
0.67662629	0.12823755	0.667279133	0.2959387	0.19	20870.06083
0.67668417	0.12790281	0.677393252	0.21839406	0.2	20875.06166
0.67674204	0.12786809	0.678451047	0.15276197	0.2	20880.06163
0.67679992	0.130759	0.595792304	0.13593349	0.2	20885.06246
0.67685778	0.13230288	0.55585569	0.20140596	0.2	20890.06157
0.67691565	0.13177134	0.569293783	0.15975061	0.2	20895.06154
0.67697354	0.13198337	0.563894845	0.11606327	0.22	20900.06323
0.67703139	0.13225532	0.557045042	0.10057386	0.20999999	20905.06147
0.67708927	0.13296157	0.539642328	0.07478108	0.2	20910.0623
0.67714715	0.13989906	0.395096194	0.06639785	0.23999999	20915.06314
0.67720503	0.13700712	0.449931684	0.05798161	0.23999999	20920.06397
0.67726289	0.13494058	0.493719727	0.05213145	0.23999999	20925.06307
0.67732076	0.1346668	0.499831945	0.04539708	0.23999999	20930.06304
0.67737861	0.13440049	0.505849985	0.03513734	0.23999999	20935.06128
0.67743651	0.13450876	0.503394621	0.03219339	0.23999999	20940.06384
0.67749438	0.13478178	0.49725582	0.02400929	0.25	20945.06381
0.67755226	0.13529362	0.485948209	0.11188969	0.23999999	20950.06464
0.67761014	0.13709238	0.448210996	0.10856542	0.23999999	20955.06547
0.67766798	0.13848133	0.421088649	0.0751126	0.23999999	20960.06285
0.67772587	0.13789085	0.432412548	0.05862334	0.23999999	20965.06454
0.67778374	0.1383657	0.42328254	0.04724347	0.23999999	20970.06451
0.67784161	0.13728181	0.444411499	0.05266289	0.25	20975.06448
0.6778995	0.13294703	0.539995068	0.14755118	0.23999999	20980.06618
0.67795737	0.13533778	0.484984757	0.18867804	0.23999999	20985.06614
0.67801525	0.13538882	0.483873581	0.14315064	0.23999999	20990.06698
0.6780731	0.13478918	0.497090479	0.13198571	0.23999999	20995.06522
0.67813099	0.13463953	0.500444884	0.12881404	0.25	21000.06691
0.67818887	0.13494989	0.493513198	0.1289044	0.25	21005.06774
0.67824672	0.13550816	0.481285392	0.10987365	0.25999999	21010.06598
0.67830457	0.13429707	0.508206542	0.1073235	0.25999999	21015.06422
0.67836248	0.13462314	0.500813638	0.12256683	0.25	21020.06765
0.67842034	0.13435666	0.50684737	0.13308747	0.25	21025.06675
0.67847821	0.13501783	0.492008658	0.13475592	0.25	21030.06672
0.6785361	0.1349261	0.494041117	0.1294889	0.23999999	21035.06842
0.67859398	0.13460924	0.501126584	0.12753683	0.23999999	21040.06925
0.67865183	0.13456917	0.502029817	0.12607364	0.25	21045.06749
0.67870972	0.13425812	0.509096911	0.12075784	0.25999999	21050.06918
0.67876759	0.13455674	0.502310337	0.12442305	0.25	21055.06915
0.67882546	0.13499065	0.492610011	0.12353788	0.23999999	21060.06912
0.6788833	0.13467504	0.499646885	0.12613793	0.23	21065.0665
0.67894121	0.1353931	0.483780518	0.12297833	0.23	21070.06992
0.67899909	0.13533676	0.485006989	0.11387363	0.23	21075.07075
0.67905695	0.13493744	0.493789403	0.12569788	0.23999999	21080.06986
0.67911482	0.13547881	0.481920634	0.11700497	0.25	21085.06982
0.6791727	0.13536739	0.484339816	0.11244533	0.23999999	21090.07066
0.67923057	0.13487376	0.495204573	0.11407707	0.25	21095.07062
0.67928843	0.13524649	0.486978571	0.11462592	0.27000001	21100.06973
0.67934632	0.13505854	0.491109329	0.11574768	0.27000001	21105.07142
0.6794042	0.13574728	0.476141057	0.11471135	0.25999999	21110.07226
0.67946205	0.13668144	0.456565477	0.11822537	0.25999999	21115.0705
0.67951993	0.13626187	0.465256093	0.1117603	0.25999999	21120.07133
0.67957781	0.13629952	0.464469533	0.09555224	0.25	21125.07216
0.67963568	0.13727	0.444647434	0.07293858	0.23999999	21130.07213
0.67969355	0.13616723	0.467239139	0.07094042	0.23	21135.0721
0.67975143	0.1361025	0.468600329	0.07695853	0.23	21140.07293
0.67980929	0.13680266	0.45408499	0.07537974	0.23	21145.07203
0.67986717	0.13595277	0.471764177	0.06782401	0.23999999	21150.07286
0.67992505	0.13586582	0.473611256	0.07308009	0.25	21155.0737
0.67998291	0.13606943	0.469297279	0.08346868	0.25	21160.0728
0.68004079	0.13583609	0.474244468	0.08719631	0.25	21165.07363
0.68009865	0.13584451	0.474065046	0.08624119	0.23999999	21170.07274
0.68015654	0.13665678	0.457071743	0.07504927	0.23999999	21175.07443
0.68021442	0.1366813	0.45656835	0.06168066	0.23999999	21180.07526
0.68027227	0.13668358	0.45652157	0.04762635	0.23	21185.0735
0.68033014	0.13643664	0.461616133	0.04865726	0.23	21190.07347
0.68038803	0.1358442	0.474071651	0.07165185	0.23	21195.07517
0.68044591	0.13548847	0.481711464	0.08368949	0.23	21200.076
0.68050377	0.13629875	0.464485606	0.09081309	0.23	21205.0751
0.68056165	0.13605155	0.469674532	0.09227668	0.23	21210.07594
0.68061951	0.13579211	0.47518274	0.09581821	0.23	21215.07504
0.68067738	0.13551778	0.481077362	0.09490023	0.23	21220.07501
0.68073527	0.13536853	0.484315003	0.08945003	0.23999999	21225.0767
0.68079314	0.1359832	0.471119455	0.0882045	0.23999999	21230.07667
0.68085101	0.13573684	0.476364507	0.09065869	0.23999999	21235.07664
0.68090888	0.13610777	0.46848936	0.09342651	0.25999999	21240.07661
0.68096676	0.13581003	0.47480021	0.09437952	0.27000001	21245.07744
0.68102462	0.13617538	0.467068035	0.09034077	0.25999999	21250.07654
0.6810825	0.13603124	0.470103423	0.09225496	0.25999999	21255.07738
0.68114038	0.13596012	0.471608371	0.08043522	0.27000001	21260.07821
0.68119825	0.1353078	0.485638632	0.07977424	0.25999999	21265.07818
0.68125612	0.13594925	0.471838812	0.08980324	0.25	21270.07814
0.68131398	0.13576125	0.475842217	0.08689921	0.25	21275.07725
0.68137186	0.13632064	0.46402889	0.08341385	0.23999999	21280.07808
0.68142973	0.13629873	0.464486023	0.08942328	0.23999999	21285.07805
0.6814876	0.13632125	0.464016169	0.07192028	0.25	21290.07802
0.68154549	0.13607793	0.469118043	0.07701591	0.25999999	21295.07971
0.68160335	0.13712478	0.447558837	0.08180844	0.25999999	21300.07882
0.68166123	0.13636132	0.463181328	0.07528175	0.25	21305.07965
0.68171909	0.13588174	0.473272527	0.07260902	0.25	21310.07875
0.68177699	0.13655454	0.459176711	0.07320862	0.25	21315.08131
0.68183484	0.13601786	0.470386186	0.07951239	0.25	21320.07955
0.68189271	0.13585861	0.473764742	0.0782048	0.25	21325.07952
0.6819506	0.13625883	0.465319661	0.08314279	0.25	21330.08122
0.68200846	0.1368894	0.452318332	0.08432247	0.25	21335.08032
0.68206633	0.13652718	0.459741655	0.07300095	0.25	21340.08029
0.6821242	0.13649175	0.460474265	0.0722615	0.23999999	21345.08026
0.68218209	0.1365146	0.460001646	0.08200737	0.25	21350.08195
0.68223995	0.13598414	0.471099553	0.08244263	0.25	21355.08106
0.68229782	0.13625404	0.465419839	0.08986857	0.25	21360.08102
0.68235571	0.13655773	0.459110887	0.07917406	0.25	21365.08272
0.68241357	0.13664685	0.457275763	0.06399781	0.25	21370.08182
0.68247145	0.13665065	0.457197678	0.05832625	0.25	21375.08266
0.68252932	0.13692307	0.451634419	0.05968402	0.25999999	21380.08262
0.68258719	0.13659151	0.458414438	0.06203906	0.25999999	21385.08259
0.68264506	0.13628401	0.464793397	0.07420018	0.25	21390.08256
0.68270293	0.13639006	0.462583468	0.07443101	0.23999999	21395.08253
0.68276082	0.13623342	0.465851336	0.07846665	0.23999999	21400.08422
0.68281869	0.13643043	0.46174498	0.08480044	0.23999999	21405.08419
0.68287656	0.13618065	0.466957429	0.08292866	0.23999999	21410.08416
0.68293443	0.13654935	0.459283824	0.07856725	0.23999999	21415.08413
0.68299231	0.13598344	0.471114374	0.07735775	0.23999999	21420.08496
0.68305019	0.13644733	0.461394417	0.09124812	0.23999999	21425.08579
0.68310804	0.13641275	0.462112008	0.08817279	0.25	21430.08403
0.68316591	0.13681944	0.453742689	0.08828197	0.25999999	21435.084
0.68322379	0.13677062	0.454739301	0.08609576	0.25999999	21440.08483
0.68328167	0.13678938	0.454356075	0.09731583	0.25999999	21445.08566
0.68333954	0.1375607	0.438876194	0.10166065	0.27000001	21450.08563
0.68339742	0.137648	0.437157705	0.18044373	0.27000001	21455.08646
0.6834553	0.14194943	0.360316826	0.2515831	0.27000001	21460.0873
0.68351315	0.14193122	0.360611821	0.16817823	0.27000001	21465.08554
0.68357104	0.14244319	0.35240944	0.11697423	0.27000001	21470.08723
0.6836289	0.14197655	0.35987794	0.08545179	0.27000001	21475.08634
0.68368678	0.14361614	0.334313845	0.10663094	0.27000001	21480.08717
0.68374465	0.14375187	0.332280794	0.17257252	0.28	21485.08714
0.68380253	0.1439638	0.329131064	0.2530463	0.31	21490.08797
0.68386041	0.14320859	0.340493449	0.35357925	0.30000001	21495.0888
0.68391826	0.14456522	0.32035433	0.23776864	0.30000001	21500.08704
0.68397613	0.14719768	0.284610747	0.17356551	0.34	21505.08701
0.68403401	0.14499524	0.31422276	0.13391601	0.37	21510.08784
0.68409189	0.1444543	0.321955235	0.10518274	0.34999999	21515.08867
0.68414975	0.14473873	0.317866017	0.08419324	0.34	21520.08778
0.68420764	0.14478788	0.317164674	0.06716772	0.34999999	21525.08947
0.68426552	0.14449333	0.321391006	0.05424276	0.34	21530.0903
0.68432337	0.14425719	0.324819882	0.04338144	0.36000001	21535.08854
0.68438126	0.14436306	0.323278094	0.03480329	0.36000001	21540.09024
0.68443913	0.14402011	0.32829921	0.0280788	0.41	21545.09021
0.68449701	0.14425395	0.324867183	0.02286538	0.40000001	21550.09104
0.68455487	0.14460966	0.319715165	0.01820062	0.38999999	21555.09014
0.68461274	0.14472122	0.318116249	0.01393014	0.40000001	21560.09011
0.68467063	0.14422853	0.325238522	0.01024205	0.40000001	21565.09181
0.68472848	0.14382358	0.331211671	0.00732235	0.40000001	21570.09005
0.68478637	0.14387758	0.330408858	0.00392911	0.41	21575.09174
0.68484421	0.14415583	0.326302881	0.00139099	0.44	21580.08912
0.68490211	0.14410284	0.327080872	-0.00044056	0.43000001	21585.09168
0.68495997	0.14391966	0.329784607	-0.00163483	0.44	21590.09078
0.68501785	0.14411736	0.326867507	-0.00400233	0.55000001	21595.09162
0.68507574	0.14374571	0.332372794	-0.00526987	0.49000001	21600.09331
0.68513359	0.14382555	0.331182349	-0.00642071	0.47999999	21605.09155
0.68519148	0.14373854	0.33247991	-0.00770569	0.5	21610.09325
0.68524935	0.14410529	0.32704486	-0.00951422	0.56999999	21615.09322
0.68530723	0.14349021	0.336211229	-0.00987096	0.54000002	21620.09405
0.68536508	0.14383329	0.33106717	-0.01135397	0.5	21625.09229
0.68542296	0.14347759	0.336401967	-0.01173305	0.51999998	21630.09312
0.68548085	0.14390758	0.329963691	-0.01277845	0.47	21635.09482
0.68553871	0.14379144	0.331690419	-0.01345509	0.43000001	21640.09392
0.68559657	0.14365983	0.333658074	-0.01368473	0.41999999	21645.09302
0.68565445	0.14372909	0.332621142	-0.0140116	0.40000001	21650.09386
0.68571234	0.14379989	0.331564484	-0.0139834	0.40000001	21655.09555
0.68577019	0.14390458	0.330008181	-0.01314805	0.40000001	21660.09379
0.68582808	0.14389816	0.330103409	-0.01445983	0.38999999	21665.09549
0.68588594	0.14385462	0.330749964	-0.014746	0.41	21670.09459
0.68594381	0.14392519	0.329702658	-0.01476784	0.41999999	21675.09456
0.68600168	0.14389776	0.330109343	-0.0152923	0.43000001	21680.09453
0.68605957	0.14390416	0.33001441	-0.01583349	0.44999999	21685.09622
0.68611744	0.1441216	0.326805229	-0.01648415	0.47999999	21690.09619
0.6861753	0.14448702	0.321482158	-0.01693012	0.47	21695.0953
0.68623318	0.14619838	0.297683822	-0.01781574	0.46000001	21700.09613
0.68629107	0.15247284	0.224539539	-0.01794842	0.46000001	21705.09782
0.68634892	0.15192434	0.230143245	-0.01675002	0.46000001	21710.09606
0.68640681	0.15101022	0.239794745	-0.01570903	0.46000001	21715.09776
0.68646468	0.15980391	0.161513166	-0.01655985	0.46000001	21720.09773
0.68652256	0.19802652	0.0289864	-0.01625608	0.46000001	21725.09856
0.68658039	0.2036303	0.022533152	-0.01724881	0.44999999	21730.09507
0.68663829	0.20692559	0.019431476	-0.0178245	0.44	21735.09763
0.68669616	0.19970997	0.026874314	-0.01786797	0.44999999	21740.0976
flushing water		212.4207106			#VALUE!
0.68675403	0.18906106	0.043368915	-0.01771967	0.44	21745.09757
0.6868119	0.17210235	0.092933413	-0.0179985	0.44	21750.09754
0.68686979	0.1213141	0.910828639	-0.01791567	0.41999999	21755.09923
0.68692767	0.11216882	1.373822428	-0.01817502	0.41	21760.10006
0.68698552	0.10932213	1.561317262	-0.01884624	0.41999999	21765.0983
0.6870434	0.10828802	1.635590229	-0.0198248	0.41	21770.09914
0.68710128	0.10776947	1.674153825	-0.01857719	0.44	21775.09997
0.68715913	0.10743824	1.69926133	-0.01871507	0.43000001	21780.09821
0.68721701	0.10719482	1.717952488	-0.01766922	0.40000001	21785.09904
0.6872749	0.10697305	1.735160158	-0.01833796	0.38999999	21790.10074
0.68733277	0.10683049	1.746312635	-0.01826283	0.37	21795.1007
0.68739063	0.10665123	1.760437947	-0.01950525	0.36000001	21800.09981
0.68744851	0.10654077	1.769198798	-0.01905341	0.36000001	21805.10064
0.68750638	0.10641381	1.77932217	-0.01942896	0.36000001	21810.10061
0.68756425	0.10630521	1.788027531	-0.01931348	0.34999999	21815.10058
0.68762214	0.10622338	1.794615138	-0.01985021	0.34999999	21820.10227
0.68768	0.10614414	1.801017371	-0.01959703	0.34	21825.10138
0.68773788	0.10606051	1.807799069	-0.02121873	0.34999999	21830.10221
0.68779572	0.10596274	1.81575979	-0.02069265	0.37	21835.09958
0.68785359	0.1059364	1.817910458	-0.01892208	0.36000001	21840.09955
0.68791149	0.10585226	1.824797591	-0.01915136	0.36000001	21845.10211
0.68796936	0.1058312	1.826525499	-0.01912877	0.36000001	21850.10208
0.68802723	0.10575954	1.832417247	-0.01839482	0.36000001	21855.10205
0.68808511	0.10568648	1.838443666	-0.01848072	0.37	21860.10288
0.688143	0.10560918	1.844841405	-0.0188608	0.36000001	21865.10458
0.68820086	0.10552927	1.851478566	-0.01919075	0.44	21870.10368
0.68825874	0.10545991	1.85725882	-0.0211972	0.75	21875.10451
0.6883166	0.10539299	1.862852836	-0.02227575	0.94999999	21880.10362
0.68837448	0.10530394	1.870322893	0.00209426	1.02999997	21885.10445
0.68843236	0.10525713	1.874261605	0.03749268	1.15999997	21890.10528
0.68849023	0.1051584	1.882596216	0.04403033	1.01999998	21895.10525
0.68854811	0.10508592	1.888738431	0.04674785	0.88	21900.10608
0.68860596	0.10502663	1.893777776	0.04854698	0.73000002	21905.10432
0.68866385	0.10495838	1.899595324	0.04934777	0.60000002	21910.10602
0.68872171	0.10487159	1.90701902	0.05001251	0.54000002	21915.10512
0.68877959	0.1048299	1.910595336	0.05079863	0.47	21920.10595
0.68883745	0.10474815	1.917627624	0.05127189	0.47	21925.10506
0.68889534	0.10470439	1.92140257	0.05051819	0.44	21930.10675
0.68895321	0.10464277	1.926730809	0.04873208	0.38999999	21935.10672
0.68901107	0.10459021	1.931287311	0.02651399	0.37	21940.10582
0.68906895	0.10453562	1.936031204	0.01196309	0.34999999	21945.10666
0.68912683	0.10447654	1.941178411	0.00292848	0.33000001	21950.10749
0.68918469	0.10443171	1.94509325	0.02427962	0.31	21955.10659
0.68924258	0.10437702	1.949879819	0.04938204	0.31	21960.10829
0.68930044	0.10432995	1.954008901	0.04232641	0.30000001	21965.10739
0.68935832	0.10429648	1.956950281	0.01741073	0.31999999	21970.10822
0.68941618	0.10423805	1.962095787	0.00502577	0.36000001	21975.10733
0.68947406	0.10419429	1.965958272	-0.00245461	0.36000001	21980.10816
0.68953193	0.10413173	1.971493351	-0.00758158	0.36000001	21985.10813
0.6895898	0.10410327	1.974016541	-0.0112647	0.34	21990.1081
0.68964769	0.10406265	1.977623402	-0.01407798	0.31999999	21995.10979
0.68970556	0.1040016	1.983056747	-0.01632939	0.38999999	22000.10976
0.68976344	0.10394119	1.988447826	-0.01817938	0.37	22005.11059
0.68982129	0.10389643	1.992451727	-0.019549	0.38	22010.10883
0.68987918	0.1037745	2.00339963	-0.0206394	0.5	22015.11053
0.68993704	0.10374678	2.005896946	-0.02165794	0.43000001	22020.10963
0.6899949	0.10372745	2.007640242	-0.02257217	0.36000001	22025.10874
0.69005276	0.10368594	2.011388987	-0.02326034	0.38	22030.10784
0.69011067	0.10367358	2.012506564	-0.02384196	0.34	22035.11126
0.69016855	0.10365238	2.014424889	-0.02433685	0.34	22040.1121
0.6902264	0.10362839	2.016597878	-0.02485386	0.28999999	22045.11034
0.69028429	0.10359041	2.020042861	-0.02518878	0.25999999	22050.11203
0.69034215	0.10355885	2.022909993	-0.02558831	0.23999999	22055.11114
0.69040003	0.10353663	2.024931055	-0.02583253	0.23999999	22060.11197
0.69045791	0.10350633	2.027690303	-0.02615675	0.23	22065.1128
0.69051575	0.10348374	2.029749891	-0.02637781	0.23	22070.11018
0.69057365	0.10347103	2.030909614	-0.02658125	0.23999999	22075.11274
0.69063149	0.10343535	2.034168775	-0.02675911	0.22	22080.11011
0.6906894	0.10341423	2.036100428	-0.02694719	0.22	22085.11354
0.69074726	0.10340007	2.037396541	-0.02713956	0.23999999	22090.11264
0.69080514	0.10337687	2.039521899	-0.02727522	0.20999999	22095.11347
0.690863	0.10336026	2.041044907	-0.02740814	0.20999999	22100.11258
0.69092089	0.10334376	2.042558955	-0.02753514	0.22	22105.11427
0.69097877	0.10331155	2.045517797	-0.02767474	0.23999999	22110.1151
0.69103662	0.10329783	2.046779431	-0.0277402	0.22	22115.11334
0.69109451	0.10326056	2.050210555	-0.02787659	0.22	22120.11504
0.69115237	0.10323649	2.052429525	-0.02793754	0.20999999	22125.11414
0.69121025	0.10350622	2.027700327	-0.02804993	0.2	22130.11498
0.69126813	0.10793686	1.661606981	-0.02818711	0.19	22135.11581
0.691326	0.15251179	0.224146838	-0.02825115	0.22	22140.11578
0.69138387	0.19226366	0.037555322	-0.02838995	0.20999999	22145.11574
0.69144173	0.18197899	0.059621592	-0.028446	0.20999999	22150.11485
0.69149962	0.17391279	0.085671514	-0.02850311	0.20999999	22155.11654
0.69155749	0.14756106	0.280000617	-0.02858743	0.22	22160.11651
0.69161536	0.10007812	2.365440665	-0.02862615	0.20999999	22165.11648
0.69167324	0.09184325	3.424813795	-0.02868327	0.20999999	22170.11731
0.69173111	0.08922223	3.852946568	-0.02871948	0.2	22175.11728
0.69178899	0.08770096	4.125575383	-0.02879579	0.2	22180.11811
0.69184684	0.08685622	4.285207192	-0.0288284	0.22	22185.11635
0.69190472	0.08583025	4.487415648	-0.02890364	0.44999999	22190.11718
0.6919626	0.08661529	4.331857889	-0.02890818	0.40000001	22195.11802
0.69202046	0.0872969	4.201175351	-0.02902686	0.33000001	22200.11712
0.69207833	0.08741277	4.179355405	-0.0290405	0.31	22205.11709
0.69213621	0.08672629	4.310302467	-0.02907414	0.30000001	22210.11792
0.69219409	0.0868805	4.28053387	-0.02908435	0.25999999	22215.11875
0.69225195	0.0865239	4.349686075	-0.0291352	0.22	22220.11786
0.69230983	0.08661864	4.331205767	-0.02915423	0.20999999	22225.11869
0.69236771	0.08661896	4.33114348	-0.02916005	0.23	22230.11952
0.69242558	0.08694222	4.268677171	-0.02921921	0.25	22235.11949
0.69248346	0.08883769	3.920110279	-0.02923727	0.25999999	22240.12032
0.69254133	0.08869099	3.946040303	-0.02925018	0.23999999	22245.12029
0.69259921	0.08838342	4.000963092	-0.0292562	0.20999999	22250.12112
0.69265707	0.08672828	4.309917003	-0.02926305	0.2	22255.12022
0.69271494	0.08521018	4.61422297	-0.02923504	0.19	22260.12019
0.69277282	0.08554971	4.544349927	-0.02929359	0.19	22265.12102
0.69283068	0.0848107	4.697810216	-0.02928851	0.19	22270.12013
0.69288855	0.08477724	4.704879739	-0.02929774	0.19	22275.1201
0.69294643	0.08472432	4.71608255	-0.02928607	0.18000001	22280.12093
0.69300431	0.08479708	4.700686605	-0.02932944	0.22	22285.12176
0.69306217	0.08474602	4.711485582	-0.02932856	0.23	22290.12086
0.69312005	0.08476731	4.706979823	-0.02926681	0.20999999	22295.1217
0.69317792	0.08486751	4.68583156	-0.0293121	0.20999999	22300.12166
0.6932358	0.08553524	4.547306057	-0.02935751	0.20999999	22305.1225
0.69329367	0.09069744	3.605789971	-0.02934976	0.2	22310.12246
0.69335155	0.16411881	0.133042818	-0.02939329	0.19	22315.1233
0.69340943	0.18691796	0.047753667	-0.02940305	0.18000001	22320.12413
0.69346728	0.18139127	0.06121734	-0.0294548	0.18000001	22325.12237
0.69352516	0.1697308	0.103385314	-0.0294018	0.18000001	22330.1232
0.69358304	0.15559883	0.195110662	-0.02937176	0.19	22335.12403
0.6936409	0.13551557	0.481125145	-0.02927309	0.19	22340.12314
0.69369877	0.1394805	0.402598483	-0.02905629	0.19	22345.1231
0.69375666	0.13816211	0.427173146	-0.02859428	0.18000001	22350.1248
0.69381454	0.12873119	0.652638779	-0.0286722	0.19	22355.12563
0.69387239	0.13600589	0.470639295	-0.02877143	0.2	22360.12387
0.69393028	0.12896988	0.645675369	-0.02884928	0.25	22365.12557
0.69398815	0.12372933	0.81714134	-0.02877267	0.23999999	22370.12554
0.69404601	0.12230347	0.871217416	-0.02875619	0.22	22375.12464
0.69410388	0.11866888	1.025805506	-0.0287737	0.2	22380.12461
0.69416177	0.11749452	1.081398382	-0.02886662	0.19	22385.1263
0.69421964	0.11716564	1.097500341	-0.02888386	0.19	22390.12627
0.6942775	0.11709148	1.101164214	-0.02893031	0.19	22395.12538
0.69433539	0.11716243	1.097658678	-0.02890518	0.18000001	22400.12707
0.69439326	0.11742513	1.084775934	-0.02902051	0.18000001	22405.12704
0.69445112	0.11734018	1.088925234	-0.02910074	0.19	22410.12614
0.69450899	0.11724282	1.09370021	-0.02907959	0.30000001	22415.12611
0.69456687	0.11740176	1.08591584	-0.02908264	0.25999999	22420.12694
0.69462476	0.11734642	1.088619908	-0.02913073	0.23999999	22425.12864
0.69468261	0.11713883	1.098823479	-0.02915429	0.25999999	22430.12688
0.6947405	0.11936805	0.994074434	-0.0286919	0.28999999	22435.12858
0.69479837	0.12066031	0.937987584	-0.02900241	0.25	22440.12854
0.69485623	0.12075514	0.933998622	-0.02909012	0.23	22445.12765
start exp		212.4207106			#VALUE!
0.6949141	0.12101672	0.923083146	-0.02906482	0.34	22450.12762
0.69497199	0.12108816	0.920124266	-0.0290248	0.34999999	22455.12931
0.69502986	0.12074829	0.934286194	-0.02890104	0.28999999	22460.12928
0.69508773	0.12122151	0.914626567	-0.02881535	0.25999999	22465.12925
0.6951456	0.12163316	0.897861587	-0.02866225	0.27000001	22470.12922
0.69520347	0.12162556	0.898168305	-0.02867671	0.23999999	22475.12918
0.69526135	0.12142915	0.906131394	-0.02864958	0.23	22480.13002
0.69531922	0.12158418	0.899840143	-0.02851609	0.22	22485.12998
0.69537707	0.1215328	0.901920334	-0.02834874	0.23	22490.12822
0.69543497	0.12169401	0.895409599	-0.02814025	0.22	22495.13078
0.69549283	0.12146299	0.904754396	-0.0279358	0.22	22500.12989
0.69555072	0.1217402	0.893552816	-0.02787252	0.22	22505.13158
0.69560858	0.12196412	0.884605931	-0.02784755	0.25	22510.13069
0.69566645	0.1213882	0.907800512	-0.02769896	0.25	22515.13066
0.69572432	0.12151086	0.90281007	-0.02767511	0.23	22520.13062
0.6957822	0.1215684	0.900478508	-0.02773351	0.22	22525.13146
0.69584006	0.12249376	0.863798697	-0.02766978	0.20999999	22530.13056
0.69589795	0.12252503	0.86258565	-0.027591	0.2	22535.13226
0.69595583	0.1227726	0.85304169	-0.02761698	0.20999999	22540.13309
0.69601369	0.12202264	0.882282523	-0.02759765	0.23999999	22545.13219
0.69607157	0.12194037	0.885550616	-0.02757689	0.22	22550.13302
0.69612943	0.12192173	0.886292752	-0.02769817	0.23	22555.13213
0.69618731	0.1216929	0.895454267	-0.02759983	0.23	22560.13296
0.69624517	0.12186918	0.888388336	-0.02765274	0.20999999	22565.13206
0.69630306	0.12204965	0.88121221	-0.02764153	0.2	22570.13376
0.69636094	0.12198678	0.88370554	-0.02772358	0.22	22575.13459
0.6964188	0.12206895	0.880448213	-0.0276219	0.23999999	22580.1337
0.69647667	0.12211352	0.878686425	-0.02764983	0.23	22585.13366
0.69653454	0.12212955	0.878053645	-0.02762087	0.22	22590.13363
0.69659243	0.12232008	0.870567322	-0.02754555	0.22	22595.13533
0.69665028	0.12217711	0.876178905	-0.02747538	0.22	22600.13357
0.69670817	0.12219699	0.875396454	-0.02740774	0.25	22605.13526
0.69676604	0.12241117	0.867010792	-0.02731115	0.25	22610.13523
0.69682392	0.12229661	0.87148605	-0.02733901	0.23999999	22615.13606
0.69688178	0.12197695	0.884096021	-0.02719532	0.23	22620.13517
0.69693966	0.12224936	0.873338581	-0.02713277	0.20999999	22625.136
0.69699751	0.12222866	0.874151406	-0.02709813	0.2	22630.13424
0.69705541	0.12172168	0.894296835	-0.02707073	0.19	22635.1368
0.69711326	0.12183364	0.889808404	-0.02697095	0.18000001	22640.13504
0.69717113	0.12235986	0.869012356	-0.02694666	0.19	22645.13501
0.69722902	0.12241995	0.866668753	-0.0269404	0.2	22650.1367
0.69728689	0.12198843	0.883640014	-0.02724059	0.19	22655.13667
0.69734476	0.12172265	0.894257851	-0.02721452	0.19	22660.13664
0.69740264	0.12144396	0.905528496	-0.02720558	0.18000001	22665.13747
0.6974605	0.12184367	0.889407406	-0.02700154	0.19	22670.13658
0.69751838	0.12245842	0.865171683	-0.02682353	0.18000001	22675.13741
0.69757626	0.1220592	0.880834088	-0.02659066	0.18000001	22680.13824
0.69763413	0.12220453	0.875099872	-0.0264414	0.19	22685.13821
0.69769201	0.12198614	0.883730958	-0.02629785	0.2	22690.13904
0.69774987	0.12183149	0.889894384	-0.02613407	0.19	22695.13814
0.69780775	0.12202492	0.882192125	-0.02605127	0.19	22700.13898
0.69786563	0.12157104	0.900371677	-0.02594542	0.19	22705.13981
0.69792349	0.12193196	0.885885376	-0.02582329	0.20999999	22710.13891
0.69798137	0.12229016	0.871738703	-0.02575671	0.20999999	22715.13974
0.69803924	0.12186497	0.888556436	-0.02568675	0.2	22720.13971
0.69809712	0.1220318	0.881919399	-0.02564352	0.19	22725.14054
0.69815498	0.12198025	0.883964914	-0.02560113	0.18000001	22730.13965
0.69821285	0.1215471	0.901340896	-0.02554067	0.2	22735.13962
0.69827074	0.12186612	0.888510514	-0.02549992	0.19	22740.14131
0.6983286	0.12164833	0.897249675	-0.02554492	0.19	22745.14042
0.69838649	0.12180216	0.891068143	-0.02548552	0.19	22750.14211
0.69844435	0.12237293	0.868502067	-0.0254287	0.19	22755.14122
0.69850223	0.12215177	0.877177269	-0.02544943	0.2	22760.14205
0.6985601	0.1218835	0.887816793	-0.0254202	0.2	22765.14202
0.69861798	0.1221655	0.876636183	-0.02538998	0.2	22770.14285
0.69867583	0.12208394	0.879855286	-0.02544142	0.19	22775.14109
0.69873372	0.12182244	0.890256391	-0.02542304	0.2	22780.14278
0.6987916	0.12240342	0.867312817	-0.02543022	0.18000001	22785.14362
0.69884944	0.12276132	0.853474235	-0.02538683	0.18000001	22790.14099
0.69890734	0.12306228	0.84200835	-0.0254632	0.18000001	22795.14355
0.6989652	0.12331177	0.832620217	-0.02549849	0.19	22800.14266
0.69902308	0.1231548	0.838514602	-0.02549873	0.19	22805.14349
0.69908096	0.12277656	0.852889891	-0.02557516	0.18000001	22810.14432
0.69913883	0.12233194	0.870103434	-0.02556708	0.17	22815.14429
0.69919671	0.12287232	0.849227329	-0.02557859	0.17	22820.14512
0.69925457	0.12292308	0.847292278	-0.02564532	0.18000001	22825.14422
0.69931245	0.12232286	0.870458564	-0.02564291	0.18000001	22830.14506
0.69937032	0.1227658	0.853302418	-0.02570121	0.17	22835.14502
0.69942819	0.12240279	0.867337374	-0.02571475	0.18000001	22840.14499
0.69948606	0.12295412	0.846111157	-0.02572828	0.17	22845.14496
0.69954394	0.12246891	0.864763911	-0.02578672	0.17	22850.14579
0.69960181	0.12248752	0.864040967	-0.02576874	0.18000001	22855.14576
0.69965968	0.12242589	0.866437427	-0.02579184	0.17	22860.14573
0.69971755	0.12268443	0.856428524	-0.02588372	0.17	22865.1457
0.69977543	0.1226864	0.856352705	-0.02588032	0.17	22870.14653
0.69983331	0.12251817	0.862851622	-0.02590653	0.17	22875.14736
0.69989116	0.12249398	0.863790156	-0.0259323	0.17	22880.1456
0.69994904	0.12273986	0.854297751	-0.02598737	0.17	22885.14643
0.70000692	0.12262147	0.858855204	-0.02608647	0.17	22890.14726
0.7000648	0.12277982	0.852764946	-0.02613578	0.17	22895.1481
0.70012266	0.12279428	0.85221096	-0.02621673	0.17	22900.1472
0.70018053	0.12312508	0.839635307	-0.02626996	0.18000001	22905.14717
0.70023842	0.12304815	0.842543208	-0.02627973	0.2	22910.14886
0.70029628	0.12274506	0.854098131	-0.02635742	0.19	22915.14797
0.70035415	0.12320793	0.836514859	-0.02638599	0.18000001	22920.14794
0.70041204	0.12360822	0.821601	-0.02651188	0.17	22925.14963
0.7004699	0.12342137	0.828529207	-0.02653486	0.17	22930.14874
0.70052778	0.12316223	0.838234659	-0.02655821	0.17	22935.14957
0.70058564	0.1233044	0.832896039	-0.02665589	0.17	22940.14867
0.70064352	0.12284467	0.850283249	-0.02667098	0.17	22945.1495
0.70070138	0.12305414	0.842316429	-0.0267397	0.17	22950.14861
0.70075927	0.12362006	0.821163942	-0.02683784	0.17	22955.1503
0.70081714	0.12327607	0.833957138	-0.02687374	0.17	22960.15027
0.70087501	0.12290827	0.847856402	-0.02693454	0.17	22965.15024
0.70093288	0.12294253	0.846551982	-0.02703098	0.17	22970.15021
0.70099076	0.12283681	0.850583652	-0.0270426	0.16	22975.15104
0.70104863	0.12336186	0.830748021	-0.02711837	0.17	22980.15101
0.70110649	0.12328834	0.8334974	-0.02717173	0.17	22985.15011
0.70116437	0.12425271	0.798145484	-0.02722319	0.17	22990.15094
0.70122225	0.12361325	0.821415296	-0.02725611	0.22	22995.15178
0.70128012	0.12415825	0.80154091	-0.02734374	0.20999999	23000.15174
0.70133799	0.12403866	0.805860378	-0.02740885	0.2	23005.15171
0.70139587	0.12410546	0.803444768	-0.02748498	0.19	23010.15254
0.70145374	0.1235936	0.822140999	-0.02753301	0.2	23015.15251
0.7015116	0.12375598	0.816163255	-0.02755083	0.20999999	23020.15162
0.70156949	0.12407565	0.804521856	-0.02763651	0.2	23025.15331
0.70162736	0.12430158	0.796394469	-0.02768893	0.2	23030.15328
0.70168524	0.12446847	0.790443701	-0.02768069	0.19	23035.15411
0.7017431	0.12475947	0.780173727	-0.02775016	0.28	23040.15322
0.70180098	0.12462911	0.78475779	-0.02781986	0.25	23045.15405
0.70185885	0.12407018	0.804719654	-0.02786823	0.31999999	23050.15402
0.7019167	0.1238796	0.811641552	-0.02787194	0.27000001	23055.15226
0.70197459	0.12368131	0.818906687	-0.02794904	0.30000001	23060.15395
0.70203248	0.12495123	0.773479176	-0.02802219	0.25	23065.15565
0.70209035	0.12449827	0.789385816	-0.02808357	0.25	23070.15562
0.70214821	0.12409673	0.803760049	-0.02814973	0.25	23075.15472
0.70220609	0.12354683	0.823870864	-0.02822523	0.25	23080.15555
0.70226396	0.12366465	0.819520045	-0.0282705	0.23	23085.15552
0.70232183	0.12361117	0.821492083	-0.02831098	0.23	23090.15549
0.70237971	0.12400271	0.807163399	-0.02833017	0.20999999	23095.15632
0.70243759	0.1241014	0.803591379	-0.02840047	0.2	23100.15715
0.70249545	0.12393941	0.809462856	-0.02847332	0.19	23105.15626
0.70255333	0.1232131	0.836320521	-0.02851229	0.18000001	23110.15709
0.70261119	0.12410019	0.803635078	-0.02861748	0.18000001	23115.15619
0.70266907	0.12392534	0.809974856	-0.02868341	0.17	23120.15702
0.70272694	0.12444763	0.791184353	-0.02868444	0.17	23125.15699
0.70278482	0.12426193	0.797814836	-0.02873361	0.17	23130.15782
0.7028427	0.12412146	0.802867255	-0.02877013	0.17	23135.15866
0.70290056	0.1236368	0.820546403	-0.02879189	0.19	23140.15776
0.70295843	0.12367719	0.819058327	-0.0288545	0.18000001	23145.15773
0.7030163	0.12488218	0.775883143	-0.02888485	0.17	23150.1577
0.70307419	0.12453368	0.788130619	-0.02895817	0.17	23155.15939
0.70313205	0.12398241	0.807900111	-0.02901442	0.17	23160.1585
0.70318993	0.12417161	0.8010598	-0.02907825	0.17	23165.15933
0.7032478	0.12419157	0.800341555	-0.02912052	0.22	23170.1593
0.70330568	0.12427117	0.797483609	-0.02914274	0.2	23175.16013
0.70336354	0.12426737	0.797619811	-0.02922603	0.22	23180.15923
0.70342142	0.12403147	0.806120814	-0.02928391	0.2	23185.16006
0.7034793	0.1237655	0.815814145	-0.02934371	0.2	23190.1609
0.70353715	0.12417022	0.801109842	-0.02941706	0.18000001	23195.15914
0.70359504	0.1234342	0.828051622	-0.029396	0.17	23200.16083
0.70365292	0.12436181	0.79424171	-0.02945653	0.17	23205.16166
0.70371078	0.12401601	0.80668109	-0.02950655	0.17	23210.16077
0.70376865	0.12381832	0.813879878	-0.02953827	0.20999999	23215.16074
0.70382653	0.12382393	0.813674709	-0.02960558	0.19	23220.16157
0.7038844	0.12453917	0.787936191	-0.02957356	0.18000001	23225.16154
0.70394226	0.12411135	0.803232123	-0.02968964	0.17	23230.16064
0.70400014	0.12426029	0.79787364	-0.02972759	0.16	23235.16147
0.70405803	0.12427659	0.797289382	-0.02974826	0.18000001	23240.16317
0.70411589	0.12390222	0.810816886	-0.02979662	0.17	23245.16227
0.70417376	0.12403224	0.806092919	-0.02988707	0.17	23250.16224
0.70423164	0.12417687	0.800870461	-0.0299308	0.16	23255.16307
0.70428952	0.12435741	0.794398779	-0.0299532	0.16	23260.1639
0.70434737	0.12450395	0.789184339	-0.02998952	0.16	23265.16214
0.70440526	0.12424174	0.798539068	-0.03005719	0.16	23270.16384
0.70446314	0.12433862	0.795069884	-0.03009558	0.16	23275.16467
0.70452101	0.12465773	0.783749076	-0.0301637	0.16	23280.16464
0.70457888	0.12475324	0.780392192	-0.03024192	0.16	23285.16461
0.70463674	0.12441982	0.792173799	-0.03023798	0.16	23290.16371
0.70469462	0.12482303	0.777948383	-0.03032779	0.15000001	23295.16454
0.70475248	0.12464301	0.784267722	-0.03034674	0.17	23300.16365
0.70481036	0.12469318	0.782501435	-0.03041676	0.17	23305.16448
0.70486825	0.12476064	0.780132706	-0.03044569	0.16	23310.16618
0.70492611	0.12456309	0.787089625	-0.03047939	0.16	23315.16528
0.70498399	0.12515007	0.766598114	-0.0305744	0.15000001	23320.16611
0.70504186	0.12519647	0.765001223	-0.03064356	0.16	23325.16608
0.70509972	0.12341247	0.828860664	-0.03066054	0.16	23330.16518
0.70515759	0.12272406	0.854904575	-0.02941386	0.15000001	23335.16515
stop		212.4207106			#VALUE!
0.70521545	0.12761244	0.686290823	-0.02928725	0.16	23340.16426
0.70527333	0.12820294	0.668317831	-0.02872196	0.15000001	23345.16509
0.70533122	0.12922497	0.638315624	-0.02936986	0.15000001	23350.16678
0.7053891	0.12815134	0.669869426	-0.0296068	0.15000001	23355.16762
0.70544697	0.12870337	0.653455255	-0.02987343	0.15000001	23360.16758
0.70550484	0.12949085	0.630733844	-0.02998161	0.19	23365.16755
0.7055627	0.13083665	0.593716813	-0.02484416	0.20999999	23370.16666
0.70562058	0.13440999	0.505634064	-0.00918274	0.20999999	23375.16749
0.70567847	0.13509114	0.490390344	0.00088932	0.2	23380.16918
0.70573634	0.13572688	0.476577781	0.00565259	0.19	23385.16915
0.7057942	0.13643453	0.461659908	0.00839026	0.18000001	23390.16826
0.70585208	0.13615713	0.467451269	0.00984856	0.18000001	23395.16909
0.70590994	0.13640589	0.462254496	0.01122265	0.18000001	23400.16819
0.70596777	0.13669133	0.456362594	0.01184408	0.17	23405.1647
0.70602566	0.13680458	0.45404581	0.01240593	0.17	23410.1664
0.70608352	0.13701476	0.449777227	0.01275837	0.17	23415.1655
0.70614138	0.13704829	0.449099982	0.01263013	0.17	23420.16461
0.70619925	0.13690172	0.452067965	0.01471492	0.17	23425.16458
0.7062571	0.13684058	0.453311815	0.01566283	0.16	23430.16282
0.70631494	0.13815258	0.427356138	0.01191272	0.16	23435.16019
0.70637282	0.1383986	0.422657156	0.00884115	0.16	23440.16102
0.70643069	0.13801438	0.430018637	0.00949934	0.15000001	23445.16099
0.70648855	0.1377579	0.435003902	0.01115048	0.15000001	23450.1601
0.70654642	0.1376137	0.437832092	0.01221012	0.15000001	23455.16006
0.70660426	0.13805568	0.429221237	0.01324541	0.15000001	23460.15744
0.70666214	0.13819808	0.426483168	0.01335228	0.15000001	23465.15827
0.70671999	0.1382262	0.425944545	0.01339576	0.14	23470.15651
0.70677786	0.13840099	0.422611761	0.01307932	0.14	23475.15648
0.70683571	0.13821213	0.426213963	0.01296691	0.14	23480.15472
0.70689358	0.13812764	0.427835399	0.01360815	0.14	23485.15469
0.70695144	0.1379557	0.431154151	0.01381712	0.15000001	23490.15379
0.70700929	0.13794145	0.431430354	0.01339653	0.14	23495.15203
0.70706717	0.13774495	0.435257142	0.01356107	0.13	23500.15286
0.70712503	0.13810679	0.428236477	0.01432707	0.13	23505.15197
0.70718288	0.1382709	0.425089741	0.01536141	0.12	23510.15021
0.70724074	0.13785881	0.43303563	0.01631899	0.12	23515.14931
0.70729862	0.13803872	0.429548513	0.01656181	0.12	23520.15014
0.70735647	0.13815051	0.427395896	0.01726852	0.12	23525.14838
0.70741433	0.13766435	0.436836606	0.01686072	0.12	23530.14749
0.70747219	0.13745382	0.440989313	0.01673297	0.11	23535.14659
0.70753004	0.13768199	0.436490438	0.01729185	0.12	23540.14483
0.7075879	0.13718466	0.446356047	0.01617369	0.12	23545.14394
0.70764576	0.13682161	0.453698441	0.01578888	0.12	23550.14304
0.70770363	0.13639638	0.462452101	0.01548112	0.12	23555.14301
0.7077615	0.13643789	0.461590201	0.01527858	0.12	23560.14298
0.70781936	0.13615471	0.46750211	0.01526334	0.11	23565.14208
0.70787722	0.1358773	0.473366972	0.01477157	0.11	23570.14118
0.70793508	0.1358079	0.474845662	0.0151894	0.12	23575.14029
0.70799294	0.13629073	0.464653049	0.01535349	0.12	23580.13939
0.70805081	0.1357654	0.475753479	0.01555054	0.12	23585.13936
0.70810867	0.13501358	0.49210264	0.01865488	0.12	23590.13846
0.70816653	0.13474242	0.498136182	0.02015163	0.12	23595.13757
0.70822438	0.1346401	0.500432065	0.02101	0.12	23600.13581
0.70828224	0.13431056	0.507898534	0.02097816	0.12	23605.13491
0.70834011	0.13390543	0.517230498	0.02107119	0.12	23610.13488
0.70839797	0.133709	0.521816692	0.02114884	0.12	23615.13398
0.70845583	0.13346308	0.527615731	0.02138834	0.12	23620.13309
0.7085137	0.13280949	0.54334321	0.02190136	0.12	23625.13306
0.70857156	0.13259341	0.548645229	0.02194271	0.13	23630.13216
0.70862942	0.13268556	0.546377819	0.02207949	0.13	23635.13126
0.70868726	0.13237786	0.553985791	0.02221861	0.13	23640.12864
0.70874514	0.13265352	0.547165119	0.0225609	0.13	23645.12947
0.708803	0.1322753	0.556545084	0.02259651	0.12	23650.12858
0.70886087	0.13155265	0.574916464	0.0227883	0.13	23655.12854
0.70891872	0.13094746	0.590767509	0.02319878	0.13	23660.12678
0.70897658	0.13096	0.590434671	0.02369842	0.13	23665.12589
0.70903445	0.1307646	0.595642381	0.02359441	0.13	23670.12586
0.70909231	0.13035618	0.606676216	0.02378363	0.13	23675.12496
0.70915017	0.13059105	0.600306258	0.02427799	0.14	23680.12406
0.70920802	0.1305685	0.600914927	0.02479426	0.14	23685.1223
0.7092659	0.13044854	0.604163277	0.02480869	0.14	23690.12314
0.70932375	0.13030885	0.607968023	0.02463649	0.14	23695.12138
0.70938163	0.13009769	0.613764936	0.02443264	0.14	23700.12221
0.70943947	0.12965138	0.626199872	0.02467898	0.15000001	23705.11958
0.70949734	0.1293861	0.633710063	0.0248172	0.15000001	23710.11955
0.7095552	0.12955046	0.629046414	0.02501301	0.15000001	23715.11866
0.70961307	0.12991546	0.618812056	0.02453687	0.15000001	23720.11862
0.70967093	0.1294446	0.632046199	0.02474058	0.15000001	23725.11773
0.7097288	0.12869139	0.653807166	0.02434636	0.15000001	23730.1177
0.70978668	0.12869187	0.653793062	0.02455835	0.15000001	23735.11853
0.70984453	0.12866116	0.654696008	0.02528792	0.20999999	23740.11677
0.70990241	0.12698412	0.705946014	0.02891001	0.19	23745.1176
0.70996027	0.12568	0.748556842	0.02995924	0.17	23750.1167
0.71001813	0.1219644	0.884594799	0.02720935	0.16	23755.11581
0.710076	0.115394	1.18845523	0.0137742	0.16	23760.11578
0.71013388	0.11596756	1.158212669	0.00554955	0.15000001	23765.11661
0.71019174	0.11512535	1.202890873	0.00064499	0.15000001	23770.11571
0.71024961	0.11662619	1.124432614	-0.00267509	0.16	23775.11568
0.71030748	0.11751104	1.080595823	-0.00513083	0.15000001	23780.11565
0.71036535	0.11930422	0.99693011	-0.00694967	0.15000001	23785.11562
0.71042321	0.12398761	0.807711333	-0.00843452	0.15000001	23790.11472
0.71048108	0.12610497	0.734396146	-0.00955512	0.43000001	23795.11469
0.71053895	0.12503712	0.770499319	-0.01047467	0.37	23800.11466
0.71059682	0.1250948	0.768504622	-0.01126073	0.33000001	23805.11462
0.71065468	0.12446206	0.790671438	-0.01186521	0.30000001	23810.11373
0.71071255	0.1247338	0.781074281	-0.01239937	0.27000001	23815.1137
0.71077041	0.12809531	0.67155831	-0.01286293	0.28	23820.1128
0.71082828	0.13038951	0.605768167	-0.01326371	0.28	23825.11277
0.71088614	0.13062289	0.599447882	-0.01358025	0.28	23830.11187
